12 24 97
38 24 97
64 24 97
90 24 97
116 24 97
142 24 97
168 24 97
194 24 97
220 24 97
246 24 97
272 24 97
298 24 97
324 24 97
350 24 97
376 24 97
12 24 123
38 24 123
64 24 123
90 24 123
116 24 123
142 24 123
168 24 123
194 24 123
220 24 123
246 24 123
272 24 123
298 24 123
324 24 123
350 24 123
12 24 149
38 24 149
64 24 149
90 24 149
116 24 149
142 24 149
168 24 149
194 24 149
220 24 149
246 24 149
272 24 149
298 24 149
324 24 149
12 24 175
38 24 175
64 24 175
90 24 175
116 24 175
142 24 175
168 24 175
194 24 175
220 24 175
246 24 175
272 24 175
298 24 175
12 24 201
38 24 201
64 24 201
90 24 201
116 24 201
142 24 201
168 24 201
194 24 201
220 24 201
246 24 201
272 24 201
12 24 227
38 24 227
64 24 227
90 24 227
116 24 227
142 24 227
168 24 227
194 24 227
220 24 227
246 24 227
12 24 253
38 24 253
64 24 253
90 24 253
116 24 253
142 24 253
168 24 253
194 24 253
220 24 253
12 24 279
38 24 279
64 24 279
90 24 279
116 24 279
142 24 279
168 24 279
194 24 279
12 24 305
38 24 305
64 24 305
90 24 305
116 24 305
142 24 305
168 24 305
12 24 331
38 24 331
64 24 331
90 24 331
116 24 331
142 24 331
12 24 357
38 24 357
64 24 357
90 24 357
116 24 357
12 24 383
38 24 383
64 24 383
90 24 383
12 24 409
38 24 409
64 24 409
12 24 435
38 24 435
12 24 461
12 76 253
38 76 253
64 76 253
90 76 253
116 76 253
142 76 253
168 76 253
12 76 279
38 76 279
64 76 279
90 76 279
116 76 279
142 76 279
12 76 305
38 76 305
64 76 305
90 76 305
116 76 305
12 76 331
38 76 331
64 76 331
90 76 331
12 76 357
38 76 357
64 76 357
12 76 383
38 76 383
12 76 409
