23 26 12
49 26 12
75 26 12
101 26 12
127 26 12
153 26 12
179 26 12
205 26 12
231 26 12
257 26 12
283 26 12
309 26 12
335 26 12
361 26 12
387 26 12
413 26 12
439 26 12
465 26 12
23 26 38
49 26 38
75 26 38
101 26 38
127 26 38
153 26 38
179 26 38
205 26 38
231 26 38
257 26 38
283 26 38
309 26 38
335 26 38
361 26 38
387 26 38
413 26 38
439 26 38
23 26 64
49 26 64
75 26 64
101 26 64
127 26 64
153 26 64
179 26 64
205 26 64
231 26 64
257 26 64
283 26 64
309 26 64
335 26 64
361 26 64
387 26 64
413 26 64
23 26 90
49 26 90
75 26 90
101 26 90
127 26 90
153 26 90
179 26 90
205 26 90
231 26 90
257 26 90
283 26 90
309 26 90
335 26 90
361 26 90
387 26 90
23 26 116
49 26 116
75 26 116
101 26 116
127 26 116
153 26 116
179 26 116
205 26 116
231 26 116
257 26 116
283 26 116
309 26 116
335 26 116
361 26 116
23 26 142
49 26 142
75 26 142
101 26 142
127 26 142
153 26 142
179 26 142
205 26 142
231 26 142
257 26 142
283 26 142
309 26 142
335 26 142
23 26 168
49 26 168
75 26 168
101 26 168
127 26 168
153 26 168
179 26 168
205 26 168
231 26 168
257 26 168
283 26 168
309 26 168
23 26 194
49 26 194
75 26 194
101 26 194
127 26 194
153 26 194
179 26 194
205 26 194
231 26 194
257 26 194
283 26 194
23 26 220
49 26 220
75 26 220
101 26 220
127 26 220
153 26 220
179 26 220
205 26 220
231 26 220
257 26 220
23 26 246
49 26 246
75 26 246
101 26 246
127 26 246
153 26 246
179 26 246
205 26 246
231 26 246
23 26 272
49 26 272
75 26 272
101 26 272
127 26 272
153 26 272
179 26 272
205 26 272
23 26 298
49 26 298
75 26 298
101 26 298
127 26 298
153 26 298
179 26 298
