25 32 15
51 32 15
77 32 15
103 32 15
129 32 15
155 32 15
181 32 15
207 32 15
233 32 15
259 32 15
285 32 15
311 32 15
337 32 15
363 32 15
389 32 15
415 32 15
441 32 15
467 32 15
25 32 41
51 32 41
77 32 41
103 32 41
129 32 41
155 32 41
181 32 41
207 32 41
233 32 41
259 32 41
285 32 41
311 32 41
337 32 41
363 32 41
389 32 41
415 32 41
441 32 41
25 32 67
51 32 67
77 32 67
103 32 67
129 32 67
155 32 67
181 32 67
207 32 67
233 32 67
259 32 67
285 32 67
311 32 67
337 32 67
363 32 67
389 32 67
415 32 67
25 32 93
51 32 93
77 32 93
103 32 93
129 32 93
155 32 93
181 32 93
207 32 93
233 32 93
259 32 93
285 32 93
311 32 93
337 32 93
363 32 93
389 32 93
25 32 119
51 32 119
77 32 119
103 32 119
129 32 119
155 32 119
181 32 119
207 32 119
233 32 119
259 32 119
285 32 119
311 32 119
337 32 119
363 32 119
25 32 145
51 32 145
77 32 145
103 32 145
129 32 145
155 32 145
181 32 145
207 32 145
233 32 145
259 32 145
285 32 145
311 32 145
337 32 145
25 32 171
51 32 171
77 32 171
103 32 171
129 32 171
155 32 171
181 32 171
207 32 171
233 32 171
259 32 171
285 32 171
311 32 171
25 32 197
51 32 197
77 32 197
103 32 197
129 32 197
155 32 197
181 32 197
207 32 197
233 32 197
259 32 197
285 32 197
25 32 223
51 32 223
77 32 223
103 32 223
129 32 223
155 32 223
181 32 223
207 32 223
233 32 223
259 32 223
25 32 249
51 32 249
77 32 249
103 32 249
129 32 249
155 32 249
181 32 249
207 32 249
233 32 249
25 32 275
51 32 275
77 32 275
103 32 275
129 32 275
155 32 275
181 32 275
207 32 275
25 84 15
51 84 15
77 84 15
103 84 15
129 84 15
155 84 15
181 84 15
207 84 15
233 84 15
259 84 15
285 84 15
311 84 15
337 84 15
363 84 15
389 84 15
415 84 15
25 84 41
51 84 41
77 84 41
103 84 41
129 84 41
155 84 41
181 84 41
207 84 41
233 84 41
259 84 41
285 84 41
311 84 41
337 84 41
363 84 41
389 84 41
25 84 67
51 84 67
77 84 67
103 84 67
129 84 67
155 84 67
181 84 67
207 84 67
233 84 67
259 84 67
285 84 67
311 84 67
337 84 67
363 84 67
25 84 93
51 84 93
77 84 93
103 84 93
129 84 93
155 84 93
181 84 93
207 84 93
233 84 93
259 84 93
285 84 93
311 84 93
337 84 93
